#Time (S)	Lockin (mV)	Temp (V)
18.14	0.017395	2.253685
18.67	0.017122	2.256836
19.19	0.017593	2.258153
19.72	0.017933	2.253344
20.25	0.017992	2.253529
20.78	0.017770	2.258782
21.30	0.016542	2.255489
21.83	0.016647	2.254944
22.88	0.017075	2.252789
23.41	0.018066	2.253492
23.94	0.017682	2.245391
24.46	0.017149	2.241803
24.99	0.017327	2.240989
25.52	0.017608	2.232962
26.05	0.017652	2.225268
26.57	0.017776	2.220612
27.09	0.017044	2.217941
27.61	0.017197	2.216187
28.13	0.017227	2.209015
28.65	0.017731	2.203407
29.17	0.017532	2.201233
29.69	0.018112	2.202606
30.21	0.017441	2.202911
30.73	0.017532	2.199249
31.25	0.016861	2.196541
31.77	0.017776	2.195473
32.29	0.017288	2.197151
32.81	0.017899	2.198105
33.33	0.017502	2.196198
33.85	0.017670	2.192039
34.37	0.017731	2.194252
34.89	0.017899	2.195702
35.41	0.017853	2.196617
35.93	0.017578	2.190857
36.45	0.018250	2.184563
36.97	0.018188	2.182198
37.49	0.018173	2.183914
38.01	0.018173	2.181053
38.53	0.017990	2.175446
39.05	0.017807	2.171974
39.57	0.017746	2.172012
40.09	0.017487	2.173576
40.61	0.017548	2.172585
41.13	0.017349	2.167091
41.65	0.017456	2.165947
42.17	0.017136	2.167969
42.69	0.017075	2.170715
43.21	0.017303	2.166214
43.73	0.017349	2.161674
44.25	0.017502	2.155914
44.77	0.017471	2.155266
45.29	0.017487	2.152634
45.81	0.016708	2.143936
46.33	0.017365	2.138519
46.85	0.017258	2.135468
47.37	0.017441	2.136230
47.89	0.017136	2.137108
48.41	0.017868	2.133408
48.93	0.017410	2.128220
49.45	0.017593	2.128563
49.97	0.017761	2.128296
50.49	0.017624	2.131805
51.01	0.017532	2.126884
51.53	0.018005	2.124405
52.05	0.017807	2.124557
52.57	0.017654	2.126961
53.09	0.017639	2.127380
53.61	0.017807	2.125473
54.13	0.017471	2.120895
54.65	0.018005	2.120857
55.17	0.017944	2.124481
55.69	0.017883	2.120018
56.21	0.017670	2.111092
56.73	0.017700	2.105179
57.25	0.017838	2.101860
57.77	0.017838	2.101326
58.29	0.018600	2.097168
58.82	0.016891	2.090454
59.34	0.018112	2.091179
59.86	0.017334	2.087860
60.38	0.017654	2.083626
60.90	0.017731	2.082825
61.42	0.017715	2.084198
61.94	0.017609	2.084389
62.46	0.017380	2.081184
62.98	0.017410	2.077942
63.50	0.017426	2.078590
64.02	0.017090	2.080498
64.54	0.017380	2.081909
65.06	0.017014	2.078018
65.58	0.017120	2.077522
66.10	0.016754	2.077332
66.62	0.016846	2.078514
67.14	0.016373	2.076263
67.66	0.016830	2.066383
68.18	0.016602	2.056656
68.70	0.017365	2.049370
69.22	0.017044	2.046928
69.74	0.016983	2.041016
70.26	0.017273	2.032700
70.78	0.016891	2.027206
71.30	0.017685	2.025948
71.82	0.016937	2.025299
72.34	0.017044	2.022552
72.86	0.017502	2.017937
73.38	0.017868	2.013206
73.90	0.017609	2.013702
74.42	0.017593	2.014313
74.94	0.017151	2.011032
75.46	0.017807	2.008705
75.98	0.017578	2.007446
76.50	0.017578	2.008514
77.02	0.017456	2.010269
77.54	0.017029	2.006340
78.06	0.016983	2.005882
78.58	0.017792	2.004051
79.10	0.017487	1.999092
79.62	0.017899	1.991158
80.14	0.017670	1.978989
80.66	0.017517	1.966286
81.18	0.017868	1.956940
81.70	0.017654	1.951370
82.22	0.017471	1.945076
82.74	0.017593	1.935425
83.26	0.017426	1.927872
83.78	0.017014	1.921234
84.30	0.017258	1.919708
84.82	0.016968	1.914024
85.34	0.017426	1.908836
85.86	0.017258	1.904297
86.38	0.016632	1.900101
86.90	0.016632	1.899834
87.42	0.016556	1.897469
87.94	0.016922	1.892891
88.46	0.016632	1.889839
88.98	0.016907	1.887627
89.50	0.016693	1.887360
90.02	0.017197	1.885567
90.54	0.017059	1.883163
91.06	0.017456	1.882935
91.58	0.017410	1.882744
92.10	0.017654	1.883850
92.62	0.017303	1.882706
93.14	0.017288	1.881599
93.66	0.017532	1.879997
94.18	0.017944	1.882172
94.70	0.017502	1.883965
95.22	0.017944	1.877518
95.74	0.018021	1.871758
96.26	0.017624	1.857529
96.78	0.017593	1.846809
97.30	0.018417	1.832123
97.82	0.017456	1.820335
98.34	0.018112	1.810341
98.86	0.017975	1.798248
99.38	0.018112	1.789131
99.90	0.017761	1.778793
100.42	0.017776	1.767883
100.94	0.017166	1.761742
101.46	0.017624	1.754532
101.98	0.017593	1.748161
102.50	0.017349	1.739616
103.02	0.017532	1.732674
103.54	0.017624	1.727867
104.06	0.016693	1.723747
104.58	0.017227	1.717339
105.10	0.017044	1.711197
105.62	0.017410	1.706924
106.14	0.017502	1.702347
106.66	0.017044	1.700821
107.18	0.017471	1.695099
107.70	0.017303	1.690826
108.22	0.017731	1.686935
108.74	0.017670	1.684990
109.26	0.017288	1.683388
109.78	0.017303	1.679993
110.30	0.017944	1.674232
110.82	0.017410	1.671104
111.34	0.017761	1.670532
111.86	0.017090	1.668892
112.38	0.017563	1.663513
112.90	0.017715	1.662140
113.42	0.017670	1.659431
113.94	0.017532	1.658287
114.46	0.017593	1.656990
114.98	0.017990	1.651840
115.50	0.018799	1.651688
116.02	0.017975	1.651192
116.54	0.018097	1.650620
117.06	0.017685	1.641846
117.58	0.018265	1.631851
118.10	0.018250	1.620674
118.62	0.018127	1.608162
119.14	0.018158	1.598473
119.66	0.017532	1.585045
120.18	0.017960	1.574135
120.70	0.018005	1.560364
121.22	0.018326	1.553688
121.74	0.018112	1.544724
122.26	0.018372	1.532211
122.78	0.017899	1.520767
123.30	0.017654	1.511040
123.82	0.017456	1.503372
124.34	0.018372	1.496086
124.86	0.017700	1.483688
125.38	0.017944	1.472702
125.90	0.017548	1.465454
126.42	0.017776	1.462021
126.94	0.017899	1.455002
127.46	0.018036	1.442261
127.98	0.017853	1.434975
128.50	0.017838	1.430054
129.02	0.018143	1.425171
129.54	0.018311	1.416626
130.06	0.018250	1.408730
130.58	0.018784	1.401939
131.10	0.018539	1.400070
131.62	0.018417	1.395721
132.14	0.018234	1.386070
132.66	0.018265	1.378326
133.18	0.018707	1.372871
133.70	0.018814	1.370659
134.22	0.018387	1.368599
134.74	0.018646	1.358185
135.26	0.018463	1.350212
135.78	0.018295	1.345978
136.30	0.018494	1.344452
136.82	0.018982	1.341934
137.34	0.018234	1.331635
137.86	0.018372	1.324463
138.38	0.018509	1.322174
138.90	0.019043	1.322937
139.42	0.019455	1.318550
139.94	0.018616	1.312370
140.46	0.018951	1.306305
140.98	0.018616	1.305122
141.50	0.018433	1.306190
142.02	0.019058	1.303177
142.54	0.018478	1.296158
143.06	0.018005	1.289940
143.58	0.018585	1.289635
144.10	0.017899	1.290550
144.62	0.018250	1.287422
145.14	0.018173	1.282005
145.66	0.017975	1.276283
146.18	0.017807	1.277657
146.70	0.018387	1.278038
147.22	0.018295	1.276360
147.74	0.018311	1.269417
148.26	0.018936	1.265945
148.78	0.018127	1.265297
149.30	0.018402	1.267014
149.82	0.018677	1.264610
150.34	0.018555	1.258430
150.86	0.019226	1.255608
151.38	0.019394	1.255760
151.90	0.018188	1.256676
152.42	0.018509	1.255722
152.94	0.018814	1.249962
153.46	0.019211	1.245804
153.98	0.018951	1.246758
154.50	0.019073	1.248245
155.02	0.019272	1.245232
155.54	0.019196	1.237679
156.06	0.018600	1.232185
156.58	0.019867	1.231842
157.10	0.019348	1.230965
157.62	0.019592	1.227760
158.14	0.019089	1.220970
158.66	0.019211	1.214790
159.18	0.019104	1.214218
159.70	0.018814	1.215019
160.22	0.019012	1.213226
160.74	0.018738	1.206131
161.26	0.018829	1.202087
161.78	0.018738	1.201248
162.30	0.018890	1.201935
162.82	0.018906	1.198730
163.34	0.018921	1.193504
163.86	0.018997	1.190376
164.38	0.018524	1.189537
164.90	0.018463	1.190491
165.42	0.018707	1.188431
165.94	0.019165	1.184769
166.46	0.018707	1.179428
166.98	0.018723	1.178894
167.50	0.018585	1.180038
168.02	0.018875	1.179962
168.54	0.019043	1.173897
169.06	0.019058	1.172752
169.58	0.019608	1.170654
170.10	0.019012	1.171799
170.62	0.019287	1.171532
171.14	0.018936	1.168671
171.66	0.019287	1.164017
172.18	0.019287	1.162453
172.70	0.019287	1.165047
173.22	0.019241	1.165123
173.74	0.019455	1.161537
174.26	0.019135	1.158600
174.78	0.019318	1.156998
175.30	0.019501	1.156921
175.82	0.019653	1.157608
176.34	0.019730	1.156120
176.86	0.019623	1.151810
177.38	0.019669	1.148872
177.90	0.019562	1.149635
178.42	0.019882	1.150780
178.94	0.020432	1.148109
179.46	0.019653	1.145859
179.98	0.020508	1.143112
180.50	0.019714	1.142960
181.02	0.019485	1.144142
181.54	0.020187	1.143684
182.06	0.019897	1.140862
182.58	0.019363	1.136856
183.10	0.019272	1.137505
183.62	0.019287	1.138573
184.14	0.019485	1.138229
184.66	0.019196	1.135597
185.18	0.019623	1.132774
185.70	0.019409	1.131554
186.22	0.019119	1.132431
186.74	0.019150	1.133537
187.26	0.019333	1.130600
187.78	0.019760	1.127434
188.30	0.019806	1.126480
188.82	0.019806	1.127052
189.34	0.019806	1.127281
189.86	0.019562	1.126213
190.38	0.019806	1.122932
190.90	0.020264	1.120529
191.42	0.019974	1.121902
191.94	0.020126	1.123543
192.46	0.020081	1.122818
192.98	0.020004	1.118813
193.50	0.020065	1.117172
194.02	0.020584	1.116905
194.54	0.020691	1.118202
195.06	0.020782	1.118050
195.58	0.020050	1.115913
196.10	0.020325	1.113091
196.62	0.020401	1.112518
197.14	0.021027	1.114006
197.66	0.019852	1.110840
198.18	0.020950	1.111412
198.70	0.020813	1.112022
199.22	0.021164	1.110535
199.74	0.020645	1.108780
200.26	0.020844	1.106415
200.78	0.021271	1.106415
201.30	0.021759	1.107521
201.82	0.021454	1.106911
202.34	0.021347	1.104050
202.86	0.021149	1.102066
203.38	0.021286	1.103630
203.90	0.021301	1.104851
204.42	0.021362	1.104622
204.94	0.021255	1.101799
205.46	0.021042	1.100006
205.98	0.021011	1.100845
206.50	0.021088	1.101952
207.02	0.020569	1.101875
207.54	0.020752	1.098557
208.06	0.021103	1.097260
208.58	0.020889	1.098099
209.10	0.021088	1.098938
209.62	0.020996	1.097908
210.15	0.020798	1.095161
210.66	0.021149	1.094208
211.18	0.021271	1.094589
211.70	0.020844	1.095886
212.22	0.021851	1.095314
212.74	0.021286	1.093292
213.26	0.021103	1.090851
213.78	0.021912	1.092186
214.30	0.021805	1.093025
214.82	0.021851	1.093369
215.34	0.020340	1.090279
215.86	0.021484	1.088791
216.38	0.020996	1.090088
216.90	0.021271	1.090355
217.42	0.021027	1.090126
217.94	0.021027	1.087761
218.46	0.021133	1.085129
218.98	0.021194	1.084976
219.50	0.021530	1.086769
220.02	0.021530	1.087189
220.54	0.021591	1.084518
221.06	0.020081	1.083107
221.58	0.021957	1.082458
222.10	0.021561	1.083412
222.62	0.020554	1.084061
223.14	0.022430	1.081314
223.66	0.022079	1.078873
224.18	0.021576	1.078453
224.70	0.022415	1.080208
225.22	0.021973	1.080894
225.74	0.021881	1.081009
226.26	0.021011	1.077728
226.78	0.021103	1.076126
227.31	0.020294	1.077995
227.83	0.022659	1.078377
228.35	0.022903	1.077919
228.86	0.023483	1.074486
229.38	0.023560	1.074486
229.90	0.023148	1.075821
230.42	0.023453	1.075897
230.94	0.023026	1.074753
231.46	0.023880	1.072502
231.98	0.024002	1.070671
232.50	0.023651	1.071434
233.02	0.023514	1.071930
233.54	0.023804	1.071739
234.06	0.022751	1.069679
234.58	0.024719	1.068726
235.10	0.021744	1.067848
235.62	0.024750	1.069717
236.14	0.024780	1.068916
236.66	0.024841	1.067505
237.18	0.025284	1.066399
237.70	0.024963	1.066170
238.22	0.025360	1.066704
240.32	0.024597	1.063576
240.84	0.024445	1.065483
241.36	0.024109	1.065521
241.88	0.024002	1.063843
242.40	0.024521	1.061287
242.92	0.024475	1.062164
243.44	0.024048	1.062775
243.96	0.024902	1.063309
244.48	0.023941	1.061974
245.00	0.023895	1.059608
245.52	0.021164	1.058197
246.04	0.021698	1.059570
246.56	0.022736	1.060753
247.08	0.022964	1.059761
247.60	0.024307	1.057472
248.12	0.023651	1.057091
248.64	0.024109	1.056862
249.16	0.023621	1.058578
249.68	0.022888	1.058502
250.20	0.022430	1.055183
250.72	0.022629	1.054039
251.24	0.022858	1.054726
251.76	0.023102	1.056175
252.28	0.023727	1.055984
252.80	0.022964	1.053734
253.32	0.022400	1.052437
253.84	0.021072	1.052246
254.36	0.020004	1.053238
255.92	0.020111	1.049309

