#Time (S)	Lockin (mV)	Temp (V)
15.63	0.052246	2.275391
16.16	-0.000065	2.308024
16.68	0.000763	2.310143
17.21	0.002057	2.309866
17.74	0.002486	2.308128
18.27	0.002057	2.309829
18.80	0.001731	2.310495
19.32	0.002515	2.306796
19.85	0.002752	2.310125
20.38	0.002737	2.312419
20.91	0.001850	2.308091
21.44	0.002323	2.308054
21.96	0.001968	2.312752
22.49	0.002841	2.308091
23.02	0.001509	2.302431
23.55	0.001687	2.301543
24.08	0.001998	2.297733
24.60	0.002501	2.291482
25.12	0.000839	2.289276
25.64	0.002121	2.291832
26.16	0.002823	2.291946
26.68	-0.000031	2.291870
27.20	-0.000397	2.289772
27.72	0.000946	2.291069
28.24	0.001785	2.295189
28.76	0.001282	2.296028
29.28	-0.000061	2.293854
29.80	0.000198	2.292099
30.32	0.001602	2.294731
30.84	0.001862	2.296295
31.36	0.001709	2.295418
31.88	0.001022	2.292671
32.40	0.002167	2.290077
32.92	0.002792	2.294273
33.44	0.001831	2.295456
33.96	0.000839	2.295151
34.48	0.000198	2.291222
35.00	0.000992	2.286301
35.52	0.001724	2.284889
36.04	0.002396	2.281761
36.56	0.001709	2.276535
37.08	0.000214	2.271690
37.60	0.002304	2.271309
38.12	0.002838	2.273483
38.64	0.002823	2.275391
39.16	-0.000153	2.272568
39.68	0.000137	2.271690
40.20	0.001419	2.271729
40.72	0.001907	2.273788
41.24	0.000793	2.274704
41.76	-0.000290	2.273521
42.28	-0.000534	2.272186
42.80	0.000412	2.271576
43.32	0.001862	2.274971
43.84	0.002884	2.276039
44.36	0.001968	2.270966
44.88	-0.000839	2.269821
45.40	0.000824	2.266655
45.92	0.002945	2.264748
46.44	0.002762	2.260513
46.96	0.001343	2.254448
47.48	-0.000107	2.250137
48.00	-0.000702	2.248077
48.52	0.001022	2.250748
49.04	0.000839	2.250290
49.56	-0.000168	2.247047
50.08	-0.000916	2.245903
50.60	-0.000366	2.246819
51.12	0.000504	2.249832
51.64	0.001694	2.250595
52.16	0.001068	2.248383
52.68	0.000031	2.246742
53.20	-0.000076	2.248650
53.72	0.000610	2.250290
54.24	0.001663	2.248878
54.76	0.001266	2.247467
55.28	0.000473	2.247009
55.80	-0.000198	2.247581
56.32	0.000427	2.251320
56.84	0.002136	2.251320
57.36	0.000488	2.247543
57.88	-0.000626	2.245789
58.40	-0.000549	2.246857
58.92	0.000870	2.248535
59.44	0.002258	2.243462
59.96	0.002441	2.232399
60.48	0.000580	2.223740
61.00	0.000443	2.219772
61.52	0.001221	2.219810
62.04	0.001984	2.217140
62.56	0.002823	2.212029
63.08	0.002106	2.210083
63.60	0.001236	2.211037
64.12	0.001038	2.213936
64.64	0.002136	2.215042
65.16	0.002716	2.212563
65.68	0.002441	2.210350
66.20	0.001328	2.212067
66.72	0.001053	2.215958
67.24	0.001938	2.216835
67.76	0.002228	2.213554
68.28	0.002472	2.213478
68.80	0.001160	2.214355
69.32	0.000839	2.216682
69.84	0.001740	2.216606
70.36	0.002762	2.212372
70.88	0.002625	2.210503
71.40	0.001801	2.209549
71.92	0.000885	2.211723
72.44	0.001953	2.210541
72.96	0.002869	2.209053
73.48	0.003021	2.211266
74.00	0.001923	2.213593
74.52	0.000931	2.218361
75.04	0.001648	2.217865
75.56	0.002670	2.214928
76.08	0.002838	2.214508
76.60	0.001907	2.213554
77.12	0.000824	2.209129
77.64	0.001801	2.199631
78.16	0.002808	2.190399
78.68	0.003021	2.184677
79.20	0.002106	2.182312
79.72	0.001495	2.183037
80.24	0.001953	2.181015
80.76	0.002991	2.177887
81.28	0.003525	2.178383
81.80	0.002777	2.182198
82.32	0.001923	2.184944
82.84	0.002304	2.181244
83.36	0.002945	2.181244
83.88	0.003906	2.179947
84.40	0.003098	2.185211
84.92	0.002457	2.188568
85.44	0.002304	2.185249
85.96	0.004425	2.169266
86.48	0.022079	2.153931
87.00	0.023758	2.143745
87.52	0.023285	2.135506
88.04	0.022842	2.125664
88.56	0.023636	2.119370
89.08	0.024567	2.116776
89.60	0.024612	2.115974
90.12	0.023865	2.116432
90.64	0.023285	2.113838
91.16	0.024017	2.109604
91.68	0.025208	2.112083
92.20	0.025406	2.113647
92.72	0.024704	2.115250
93.24	0.023758	2.115211
93.76	0.024017	2.111740
94.28	0.025391	2.111740
94.80	0.026047	2.116051
95.32	0.025558	2.117462
95.84	0.024155	2.114182
96.36	0.024307	2.109413
96.88	0.024765	2.112198
97.40	0.025772	2.115784
97.92	0.025482	2.116928
98.44	0.024445	2.112617
98.96	0.024063	2.103729
99.48	0.024994	2.094154
100.00	0.026276	2.088890
100.52	0.025894	2.088165
101.04	0.025009	2.084923
101.56	0.024780	2.081947
102.08	0.025208	2.077751
102.60	0.026443	2.082100
103.12	0.026505	2.084274
103.64	0.025375	2.081604
104.16	0.024567	2.077141
104.68	0.025528	2.076378
105.20	0.025970	2.080917
105.72	0.026993	2.066612
106.24	0.026871	2.039108
106.76	0.027115	2.015572
107.28	0.028732	2.000542
107.80	0.031250	1.989670
108.32	0.033173	1.979370
108.84	0.033051	1.967964
109.36	0.032852	1.956787
109.88	0.033905	1.947708
110.40	0.035889	1.941872
110.92	0.037552	1.935387
111.44	0.037125	1.927490
111.96	0.036667	1.920662
112.48	0.037781	1.914978
113.00	0.039459	1.911964
113.52	0.040192	1.910019
114.04	0.040253	1.903763
114.56	0.039734	1.888809
115.08	0.041061	1.879730
115.60	0.043869	1.872635
116.12	0.046783	1.861000
116.64	0.047729	1.850510
117.16	0.048492	1.842575
117.68	0.049820	1.835709
118.20	0.052704	1.828117
118.72	0.054459	1.818047
119.24	0.055984	1.811142
119.77	0.056458	1.804504
120.29	0.058685	1.799049
120.81	0.058121	1.793709
121.33	0.060150	1.787453
121.85	0.062622	1.782455
122.37	0.062943	1.776199
122.89	0.062469	1.771202
123.41	0.063843	1.767578
123.93	0.066269	1.762810
124.45	0.067154	1.757126
124.97	0.065979	1.750603
125.49	0.066589	1.745491
126.01	0.068985	1.737251
126.53	0.071091	1.727600
127.05	0.071991	1.717110
127.57	0.072815	1.706657
128.09	0.075760	1.695404
128.62	0.077789	1.684456
129.14	0.079819	1.675415
129.66	0.081543	1.668282
130.18	0.081757	1.660843
130.70	0.083618	1.652603
131.22	0.086426	1.644974
131.75	0.088669	1.635323
132.27	0.082382	1.628532
132.79	0.088821	1.622849
133.31	0.084595	1.615372
133.83	0.090836	1.607018
134.35	0.093079	1.602821
134.87	0.094437	1.594200
135.39	0.094360	1.590157
135.91	0.095825	1.584320
136.43	0.098663	1.579781
136.95	0.100006	1.574707
137.47	0.097946	1.567039
137.99	0.100098	1.563110
138.51	0.101868	1.557808
139.03	0.103317	1.554184
139.55	0.104233	1.549187
140.07	0.103867	1.540833
140.59	0.103760	1.537590
141.11	0.105606	1.531410
141.63	0.106964	1.528740
142.15	0.107254	1.523094
142.67	0.106750	1.518440
143.19	0.106827	1.517029
143.71	0.108353	1.511879
144.23	0.110138	1.509056
144.75	0.109467	1.502457
145.27	0.109070	1.499672
145.79	0.109695	1.494255
146.31	0.111206	1.493301
146.83	0.112274	1.487808
147.35	0.113083	1.478081
147.87	0.113739	1.467781
148.39	0.115616	1.458206
148.92	0.118607	1.446571
149.44	0.121323	1.434364
149.96	0.124435	1.423225
150.48	0.126099	1.416435
151.00	0.126495	1.404724
151.52	0.127792	1.393089
152.04	0.130020	1.382828
152.56	0.126419	1.373405
153.08	0.133972	1.362686
153.60	0.132996	1.351128
154.12	0.135513	1.338844
154.64	0.137253	1.330223
155.16	0.140228	1.324234
155.69	0.139404	1.313477
156.21	0.141235	1.306229
156.73	0.144089	1.298447
157.25	0.145493	1.294708
157.77	0.145920	1.290932
158.29	0.146667	1.283340
158.81	0.147995	1.276817
159.34	0.149887	1.270943
159.86	0.151306	1.268806
160.38	0.153000	1.262245
160.90	0.149872	1.258125
161.42	0.149445	1.256142
161.94	0.150650	1.251488
162.46	0.154785	1.246185
162.98	0.158676	1.240654
163.50	0.157608	1.234474
164.02	0.157196	1.231232
164.54	0.159760	1.221809
165.06	0.163483	1.215210
165.58	0.166092	1.206055
166.10	0.167465	1.201401
166.62	0.169662	1.194916
167.14	0.157349	1.187630
167.66	0.176941	1.181183
168.18	0.179657	1.175079
168.70	0.180969	1.170769
169.22	0.182190	1.165085
169.74	0.184799	1.161156
170.26	0.188339	1.156006
170.78	0.190674	1.152458
171.30	0.192032	1.150513
171.82	0.195648	1.147041
172.34	0.195419	1.142807
172.86	0.197311	1.141014
173.38	0.198746	1.139259
173.90	0.199158	1.136856
174.42	0.201263	1.134148
174.94	0.204697	1.130371
175.46	0.206528	1.129646
175.98	0.206940	1.128654
176.50	0.208359	1.127892
177.02	0.211685	1.125107
177.54	0.214539	1.123734
178.06	0.214691	1.122513
178.58	0.215820	1.122513
179.10	0.188828	1.120872
179.62	0.224136	1.119232
180.14	0.225235	1.118431
180.66	0.221817	1.118546
181.18	0.226624	1.117668
181.70	0.231277	1.115303
182.22	0.234390	1.115532
182.74	0.235947	1.113586
183.26	0.237885	1.113091
183.78	0.241669	1.112137
184.30	0.243011	1.110497
184.82	0.234100	1.110191
185.34	0.243973	1.108360
185.86	0.247833	1.107674
186.38	0.250549	1.107674
186.90	0.238647	1.106377
187.42	0.252228	1.105919
187.94	0.255875	1.104889
188.46	0.256393	1.104546
188.98	0.258026	1.103439
189.50	0.244644	1.102676
190.02	0.261719	1.101837
190.54	0.265411	1.101265
191.06	0.241653	1.101036
191.58	0.267807	1.099892
192.10	0.268707	1.099319
192.62	0.270096	1.098518
193.14	0.197617	1.099281
193.66	0.281738	1.098518
194.18	0.262192	1.097717
194.70	0.277435	1.097145
195.22	0.280533	1.096382
195.74	0.269089	1.096458
196.26	0.284363	1.096268
196.78	0.258377	1.095695
197.30	0.291992	1.095238
197.82	0.276321	1.095009
198.34	0.299530	1.095581
198.86	0.299637	1.094170
199.38	0.300598	1.093712
199.90	0.289688	1.093636
200.42	0.302490	1.093254
200.94	0.304352	1.093330
201.46	0.304047	1.092148
201.98	0.304749	1.092453
202.50	0.307648	1.091347
203.02	0.307678	1.091957
203.54	0.307404	1.092110
204.06	0.308807	1.090813
204.58	0.312775	1.091080
205.10	0.313721	1.090660
205.62	0.313721	1.091080
206.14	0.315903	1.090584
206.66	0.317932	1.090240
207.18	0.322479	1.089668
207.70	0.322968	1.089287
208.22	0.322342	1.088982
208.74	0.325851	1.089249
209.26	0.329193	1.088905
209.78	0.330414	1.088600
210.30	0.326019	1.088295
210.82	0.336075	1.087990
211.34	0.338028	1.087837
211.86	0.340073	1.087074
212.38	0.344070	1.087112
212.90	0.345276	1.086845
213.42	0.346603	1.086731
213.94	0.324097	1.086502
214.46	0.349472	1.085396
214.98	0.336197	1.085930
215.50	0.342300	1.085052
216.02	0.349838	1.085510
216.54	0.358597	1.084557
217.06	0.361771	1.084328
217.58	0.364410	1.084023
218.10	0.365875	1.083527
218.62	0.373886	1.083298
219.14	0.368927	1.083145
219.66	0.373825	1.082611
220.18	0.378006	1.082153
220.70	0.380203	1.081314
221.22	0.381500	1.080933
221.74	0.382401	1.080933
222.26	0.386124	1.080017
222.78	0.387695	1.079559
223.30	0.387726	1.079903
223.82	0.388000	1.078949
224.34	0.388458	1.079254
224.86	0.392563	1.078529
225.38	0.392944	1.078186
225.90	0.392334	1.077881
226.42	0.394226	1.076546
226.94	0.396744	1.077003
227.46	0.399765	1.076775
227.98	0.402405	1.076202
228.50	0.403275	1.076241
229.02	0.405243	1.075363
229.54	0.410049	1.075745
230.06	0.413452	1.075668
230.58	0.416504	1.075439
231.10	0.417816	1.073761
231.62	0.420441	1.074066
232.14	0.424881	1.073914
232.66	0.428391	1.074181
233.18	0.412582	1.072960
233.70	0.425247	1.072273
234.22	0.429718	1.072311
234.74	0.431747	1.071625
235.26	0.428085	1.072044
235.78	0.438187	1.071167
236.30	0.437607	1.070938
236.82	0.440826	1.070404
237.34	0.406296	1.069946
237.86	0.423264	1.070099
238.38	0.457153	1.069450
238.90	0.448303	1.069527
239.42	0.449265	1.069221
239.94	0.453247	1.068954
240.46	0.453644	1.068573
240.98	0.453491	1.068192
241.50	0.454742	1.068535
242.02	0.455551	1.067810
242.54	0.457611	1.067467
243.06	0.459366	1.066704
243.58	0.461685	1.066551
244.11	0.465805	1.066666
244.63	0.472031	1.065941
245.15	0.471680	1.066093
245.67	0.472733	1.066818
246.19	0.413162	1.065216
246.71	-0.001251	1.065788
247.23	0.241791	1.065178
247.75	0.477844	1.065140
248.27	0.478134	1.064644
248.79	0.472595	1.064644
249.31	0.474319	1.063957
249.83	0.475525	1.063881
250.35	0.475647	1.063271
250.87	0.480133	1.063728
251.39	0.484573	1.063652
251.91	0.485931	1.061859
252.43	0.488281	1.062164
252.95	0.491425	1.061020
253.47	0.467300	1.061783
253.99	0.475174	1.061325
254.51	0.448730	1.060753
255.03	0.502396	1.060524
255.55	0.510956	1.059608
256.07	0.508484	1.058578
256.59	0.513641	1.058311
257.11	0.515060	1.058464
257.63	0.515091	1.057587
258.15	0.515366	1.057396
258.67	0.516891	1.056786
259.19	0.518616	1.056061
259.71	0.522476	1.056862
260.23	0.522217	1.055794
260.75	0.521851	1.054573
261.27	0.523605	1.055145
261.79	0.524689	1.054230
262.31	0.525894	1.054649
262.83	0.529846	1.054115
263.35	0.529190	1.052856
263.87	0.528046	1.053314
264.39	0.530716	1.052589
264.91	0.533173	1.052055
265.43	0.534897	1.052666
265.95	0.536621	1.051445
266.47	0.538193	1.050949
266.99	0.537842	1.050415
267.51	0.549881	1.050377
268.03	0.542068	1.049957
268.55	0.547623	1.049957
269.07	0.549377	1.048660
269.59	0.548157	1.048927
270.12	0.556686	1.049118
270.64	0.554123	1.047592
271.16	0.555328	1.047935
271.96	0.548863	1.047015
272.54	0.562164	1.047401
273.06	0.556992	1.046753
274.13	0.555963	1.045631
274.65	0.563873	1.046219
